stock_id,0,1,2,3,4,5,6,7,8,9,10,11,13,14,15,16,17,18,19,20,21,22,23,26,27,28,29,30,31,32,33,34,35,36,37,38,39,40,41,42,43,44,46,47,48,50,51,52,53,55,56,58,59,60,61,62,63,64,66,67,68,69,70,72,73,74,75,76,77,78,80,81,82,83,84,85,86,87,88,89,90,93,94,95,96,97,98,99,100,101,102,103,104,105,107,108,109,110,111,112,113,114,115,116,118,119,120,122,123,124,125,126
0,1.0,0.7733469666723645,0.8107902102679162,0.6881450168927842,0.7850002476263661,0.7723817218910486,0.6952271220388929,0.751083516252893,0.62009933491536,0.6979733609986848,0.7903291502335914,0.7741402583968584,0.7922131855536978,0.8145942812594795,0.8193227555664117,0.7905905469469481,0.8233985218889146,0.6720383547279466,0.7958793206131907,0.8166552629498827,0.7879587819582723,0.7984046677145747,0.818282277543435,0.8188705607306973,0.7456257328687308,0.7946404825674064,0.778243288780843,0.792624931562013,0.6173565933123696,0.7835588724563136,0.7462431277570613,0.7991934577827279,0.8032060857014335,0.7990829884144478,0.7213532876826978,0.7481689727920866,0.8000513306673248,0.7397166796449567,0.8030502076511569,0.8138123950014078,0.7689309849681082,0.7825009626236947,0.790977421297688,0.8027224573498097,0.8141814665508892,0.7366516780954933,0.80925263362142,0.8040998372811501,0.8140754468559634,0.7635166303769273,0.7886085672185332,0.6730806351922263,0.7930958083582514,0.7688329924238819,0.6885640862471141,0.7900399724377648,0.722101125821644,0.7866666722929692,0.7968848176209815,0.8360058619097485,0.8114248201706284,0.7744777656122188,0.8112215399799878,0.7954542403891836,0.7961334881368154,0.7475011910368737,0.72597711004255,0.7752077494741757,0.758151921878566,0.7649686225323328,0.6021166285779839,0.5144161774063372,0.787480749849993,0.7276016000809988,0.7534902938612905,0.7661441056300513,0.7058401186763726,0.7915026405640432,0.7483543085068892,0.7151892698017793,0.7415239300337573,0.8242731258503577,0.7879094989832374,0.8173017108870636,0.7664303457805204,0.7203396196570767,0.7850551250258715,0.770800550106198,0.8014972358520424,0.7281362450999079,0.8188395370636716,0.7665932265125496,0.8271674691751437,0.8094609659842752,0.8273083162782515,0.7584264053058769,0.7920757170164865,0.7004222843583107,0.8027571953753421,0.7924399894395542,0.7809391566896566,0.7966427376314528,0.7933461963145749,0.7743047154986386,0.7877593720898199,0.8082096762711436,0.8162443645458966,0.781451508350416,0.8302442586540383,0.7672453056866205,0.8179908173397445,0.7685864162334035
1,0.7733469666723645,1.0,0.7639234433580393,0.7331299285890367,0.7720846520001655,0.7619253246282572,0.7238781877126652,0.7493174091648512,0.7562566724693828,0.74601923737259,0.8599407525205999,0.8405500218091837,0.7641414673832747,0.7835877214818266,0.8606835212955927,0.7971081786636124,0.8252594115021155,0.691205248940246,0.760928336913429,0.7924958056241918,0.7586925525782447,0.800104811352951,0.8468142745890068,0.8361625363501773,0.7788602743109021,0.7980879833616275,0.7675796668701178,0.7678487100530615,0.6230969855212783,0.7584627005752343,0.7477605678575323,0.7565450416029657,0.8006690651417643,0.8275447534957765,0.7294831659563475,0.7357844739465118,0.7615804858920695,0.714552745709333,0.7541083832935009,0.8044773491447865,0.7266177017704133,0.837932264932964,0.7536007117751441,0.7765448273344652,0.7984791483666506,0.7481985941625309,0.7952966099695153,0.8278537438310384,0.7861613031472588,0.788099390381486,0.8251012351645246,0.563709886212224,0.7607031629775828,0.7642852424083243,0.6898174413690673,0.8520801523659862,0.7670103562567759,0.7492242376685436,0.8184141119219813,0.8172887736808823,0.7557594461157363,0.7420947996645046,0.7863267825771635,0.8214103018014361,0.7979957849154528,0.7640086947503791,0.7119196646868354,0.7637963904333136,0.7115315409944539,0.8023029801793942,0.6296789159675417,0.6398798593892644,0.7867624997969882,0.7511921362633147,0.8062030861593666,0.772628856379387,0.7395383062361263,0.8607512239892648,0.751069910604975,0.7268086793961207,0.7446647751707732,0.7930409350770766,0.8181059504191934,0.85912278159539,0.7454195030073231,0.7646344660651279,0.7455312785356913,0.7191710365703307,0.8132254738998729,0.8200289117313377,0.8159253466676633,0.7427746838687129,0.7957162084217027,0.785363381416628,0.8030755189769235,0.7526646094030301,0.8147049622589725,0.7272768905966227,0.8131639727190313,0.7988216894674857,0.7825209547476966,0.7531989488576432,0.7880893979982327,0.8199626351928012,0.7491737361638846,0.7766803563824072,0.7943620231891131,0.8388288952762025,0.819479438418826,0.7755156487846839,0.7795079334958522,0.8412822682326951
2,0.8107902102679162,0.7639234433580393,1.0,0.6396723921803564,0.8111822599565234,0.7960113125995332,0.6562667761735756,0.8009269167121099,0.5893872874611471,0.6775127002404342,0.7893770784149166,0.7825950385922091,0.8529856673528834,0.8661462334717835,0.8478170279470569,0.8053151092196192,0.8511214501484838,0.6538493011727585,0.8407975821223497,0.8871003979848443,0.8229054751471213,0.7821070064694552,0.8206899745323561,0.8572598267526974,0.7600972580743938,0.8146518237803961,0.7946095845327419,0.8399067214372342,0.6506582195629387,0.8235713132340275,0.7522027067243041,0.8732385485289408,0.8484765266226884,0.8078627080691496,0.7252017117242583,0.7715932545542674,0.8855286147881378,0.761360312387845,0.8594778840576265,0.8300134635194224,0.838264560584329,0.8075424531736731,0.8651184014769139,0.8579284754663716,0.8080539964400929,0.7232357134400661,0.8621915454913026,0.8497876312421317,0.8403485286188138,0.7337400021893719,0.7641038579205092,0.7185612485927149,0.8240877377252769,0.7767593847756902,0.6750556699935445,0.7589188193434906,0.701155933759747,0.8375461129301247,0.8169834694201634,0.8789670054112976,0.8877645232813933,0.8023427538186486,0.8503637635950329,0.8112233391904012,0.7789111548742568,0.7594449161989765,0.707580157955094,0.7807760285159311,0.7946683062135196,0.7339877031260645,0.5879164553938887,0.4412221034341214,0.8150188123524751,0.7163546528301135,0.7106710186166705,0.8056964937653233,0.6890436625087599,0.791808174509684,0.7644007322138668,0.719051872140513,0.7246595615009868,0.8830874096396585,0.794902060776819,0.8376133827518816,0.763452540200903,0.69505140747814,0.8002725786674957,0.8177302530294516,0.8202121380284639,0.7171417238310305,0.8168869863668033,0.8288821286574919,0.8552595360521196,0.8560033295629507,0.8628119159301084,0.7829069182033006,0.8125424252451209,0.7113591200379565,0.8290191966357328,0.76712163620502,0.7867586864241456,0.8528985940507523,0.7950441183617268,0.7512706749164284,0.8166570237725211,0.8623484038567589,0.8223282225319921,0.7715035991222815,0.8714266632154829,0.7589872366615353,0.8891581447916599,0.7495737145997214
3,0.6881450168927842,0.7331299285890367,0.6396723921803564,1.0,0.6609618568545244,0.687233056204145,0.7785591421710171,0.6697316142162684,0.6397705909226045,0.7296516259277446,0.7316926073128249,0.7137156608161498,0.7074451581608047,0.7322060978759585,0.7124328000264548,0.7088546528478905,0.7530124339079297,0.6388838510001932,0.6833174372526155,0.6896928042673561,0.6652189573998405,0.7827763706752128,0.7357251536654125,0.682031474974808,0.6766326986490444,0.6964970343720049,0.7562623371010829,0.6678706570099306,0.5631436802936222,0.723523683045526,0.6608644250057719,0.6835810401505614,0.7330836677870957,0.755352706346547,0.6548303928031646,0.6229377115598949,0.6378515251910079,0.6562924301561286,0.6640017300732941,0.7467371408773581,0.6313754654487408,0.731532280881168,0.6911143749670844,0.6898897410733773,0.7647824127613192,0.8013848568210483,0.708758061404923,0.7180612391067562,0.7263740278510885,0.7874237385598857,0.8047468226410226,0.5502189302441457,0.7207650507612249,0.697370455178854,0.7498280660799491,0.751276416959037,0.7682829557309058,0.7185715903088883,0.6950183504893002,0.7038325544534216,0.636660280765171,0.7467646399472299,0.6947564153283011,0.7010459454855799,0.8026770727721609,0.7144428438018666,0.6791346009459883,0.7794525461205017,0.7029018935642952,0.7735779752908195,0.6200900623018559,0.6778756985976386,0.691295031062002,0.6995622015886356,0.8176758063974419,0.7417262775855127,0.744350087831699,0.739799325043672,0.6581959894388637,0.6394012289852293,0.7112331378006967,0.7086491459671399,0.7447732027739862,0.7445904388584648,0.7617183069676361,0.7592484274651571,0.6451476405868009,0.6386448811944262,0.7592954377437996,0.7188833889048828,0.762536149317619,0.6049582743741508,0.7191300621183192,0.6527812145233158,0.7045408065715273,0.7331273433082611,0.7495187582796549,0.5954452487548191,0.7136949859295516,0.7245002804520089,0.7424165115510829,0.6976129234421563,0.7333000122667755,0.7704098886993558,0.7104347580223265,0.7223925233618613,0.762542494919889,0.7873401604735158,0.7136647256662823,0.7714630087896558,0.6873015807031522,0.7275245923178859
4,0.7850002476263661,0.7720846520001655,0.8111822599565234,0.6609618568545244,1.0,0.7682373498753254,0.6839619046244361,0.7439294625310181,0.655309998874825,0.706565313995381,0.7732727388951284,0.7700596640667058,0.7673860478939493,0.7932061951031626,0.8127308242266245,0.7818961232706951,0.8183264982592525,0.6688240903291067,0.7939961213682575,0.8208308322690373,0.7600946595126788,0.7705138514702826,0.8020034302598326,0.8129503146133632,0.7502951974704178,0.7914590024074717,0.7488240973874589,0.8009219327443196,0.6103138244798612,0.7515013754084252,0.7545210583367497,0.7897469652213508,0.7912046679609415,0.7951406322864228,0.7084509302194896,0.7642951727932048,0.8017535843823431,0.7477587855270985,0.7901018688842077,0.7932849098056598,0.7420684005177837,0.7820817650760895,0.7731488847618746,0.809041224686241,0.8002524704396748,0.7191209840811411,0.803392985597525,0.8033431976300689,0.7917032481110626,0.7380231192935772,0.7564543331409301,0.6578999606761025,0.7901937751536059,0.7696194111820059,0.6676005139445539,0.7664366467835603,0.7193644169937684,0.7758836905987413,0.8025125415846444,0.8220062025687195,0.8013703908171729,0.7513583583523159,0.7920860206016492,0.801894737474204,0.7753247966788828,0.7377007629508652,0.7106700511100208,0.7589686677011374,0.7190324095345282,0.7459907194400219,0.5875426893705142,0.5358593655992546,0.7743339950702528,0.750220065595737,0.7479234260930423,0.7635351120510232,0.7080732373160171,0.7998054611852498,0.7401559116798572,0.7136326740310553,0.7214128263222638,0.8148641106907667,0.7838101042924247,0.809996143454797,0.755790034524172,0.7247212794919882,0.758812841813885,0.7510140844559304,0.7787359820985054,0.7485100157792783,0.80670300001407,0.770624168414937,0.8089084036037306,0.809274921406858,0.8159203037389023,0.7260611626039906,0.7921523121217011,0.6716360478248846,0.7851795458717339,0.7712374578688861,0.7577161325079719,0.8033188495155343,0.7831800957912987,0.7695511001217308,0.7778044942168773,0.7786105593792463,0.7903459828808328,0.7935321333387391,0.8036948030004516,0.7450013361239105,0.8057894792156297,0.7674064354993013
5,0.7723817218910486,0.7619253246282572,0.7960113125995332,0.687233056204145,0.7682373498753254,1.0,0.6840598689389203,0.751836264075323,0.6164748509424546,0.6719283952312497,0.7527939479881515,0.7470386533084611,0.7788244253764647,0.788429836449244,0.7877800442999874,0.7687594616186954,0.8115741226486887,0.6670190557132823,0.785401955657746,0.8137580674025298,0.7515754952186952,0.7791918295449128,0.7966646731183802,0.7907566311499125,0.7412464979054559,0.7686290544264138,0.7874313838984915,0.7824083185787751,0.6013320314873665,0.7548686798740284,0.7426021086856258,0.7933261649846832,0.7885905239158961,0.7866402262584293,0.7041572417105898,0.7374315702279498,0.7880549207004743,0.724801262474005,0.7826186812982354,0.7925769977911645,0.7775058111287948,0.7595427419105792,0.7802906893203303,0.7851615294430281,0.7916543538738923,0.7359702126433818,0.7940190434177518,0.7954560529292812,0.8061058543634095,0.7548350611846522,0.7796071485941951,0.6502675959310326,0.7774614481715935,0.7511338516722533,0.6965842445007353,0.7619620623091163,0.7082969412504344,0.7799470664769357,0.7768693369849126,0.8099881494338798,0.778642996764554,0.7776273737483069,0.7868237657835339,0.785463431859333,0.7953244978092576,0.7073079086122567,0.7250230416480496,0.780575298972709,0.7352035192107103,0.7346176774135376,0.5759589598315779,0.5110595422935468,0.7582688254631803,0.7342052352557887,0.7524124829693604,0.7556134836566837,0.7059448073897299,0.773723889254087,0.743052380422201,0.6661617234244963,0.7300065596464435,0.8175919353775363,0.7718395609112272,0.800845840094048,0.7547999397720977,0.6952271375952688,0.7538482112168479,0.7281458772156182,0.778853952509193,0.7300463735526471,0.8002605087614746,0.764260396028228,0.8033768995550302,0.7738196001714376,0.8138957343972624,0.7318115201749852,0.7823027636452556,0.6745387027194805,0.7856029983763723,0.7661138668541132,0.7732476512036217,0.7952507361647367,0.7759176312963959,0.7769875012664998,0.7753210849808756,0.7710499088410916,0.78558497528065,0.7748196080932451,0.8028551470740647,0.7507660343397297,0.7920609796452949,0.7621571938316576
6,0.6952271220388929,0.7238781877126652,0.6562667761735756,0.7785591421710171,0.6839619046244361,0.6840598689389203,1.0,0.6625473798364863,0.6392048406573224,0.7139712415055492,0.7283463637358365,0.7134061301275346,0.6865674176696072,0.7148889496284093,0.7173784619404582,0.6995330133663468,0.7473237747463285,0.6575608840893908,0.6833265062103944,0.7077760696452334,0.689186353725477,0.7548649284604935,0.7344055251048802,0.7065793568739799,0.6892398724099065,0.6959393898921803,0.7266262298133934,0.6689449679842236,0.5605460226926205,0.6894437975437343,0.6822311490893238,0.6996804081831999,0.7145623757307801,0.7573579694374977,0.6466006407681324,0.6552363140588561,0.6625278689739889,0.665094996491056,0.6791076924746648,0.7298295967417389,0.6300074336228108,0.7321314725984966,0.6858372370237419,0.6866114693300943,0.7588849620070937,0.7460028500158775,0.6938194575554291,0.7176253799388878,0.7356357125229561,0.7490147655060106,0.785646025396416,0.5835829453051384,0.7166320410505345,0.7031245252543421,0.7088541932821668,0.7437920195548726,0.7451158680695622,0.7218838991016704,0.7150094060220071,0.7077016197602931,0.6655793227990865,0.7268087369870517,0.686297444712847,0.7175280902725819,0.7811247156042807,0.683579798358114,0.6881122914212403,0.7692406733100954,0.6902976665956467,0.7613641849930326,0.5964886072645113,0.6221181179168683,0.6868989744822612,0.6867573538525381,0.7611321358367367,0.7104205853069894,0.7218614317090102,0.7339821215551648,0.6697100822514143,0.6664188527643555,0.6792600183302848,0.7095446448400548,0.7182517820295502,0.7366930393347375,0.74694874286794,0.7477936062784725,0.6623266510175054,0.6670351932476453,0.7347089818978348,0.7204077510350523,0.7541574030069094,0.6361806420401024,0.7042770518647936,0.6793853350207749,0.7085416759533175,0.6835984402532006,0.7237469723058974,0.5981850440393922,0.7117409080864665,0.7285291852306339,0.7311108251696044,0.7076848795578695,0.7173039898992255,0.7621256481211577,0.7084539116595342,0.7018363073775153,0.760668622080203,0.767781430095145,0.7186519218765026,0.7660821084220552,0.6924548252215157,0.7381023655503337
7,0.751083516252893,0.7493174091648512,0.8009269167121099,0.6697316142162684,0.7439294625310181,0.751836264075323,0.6625473798364863,1.0,0.5920830494681286,0.6438152661535582,0.7602378453559845,0.7362379819161696,0.7972253006194124,0.8171131856599426,0.7862162095639845,0.7659630456361977,0.8276712320309209,0.630660161251957,0.7708903298545798,0.8053909337554627,0.7498454017570084,0.766074520581204,0.7896499192375389,0.7772096604140701,0.7058619202296653,0.7832674433632838,0.808909504164505,0.784135972619764,0.6122752204262331,0.7817278799652718,0.7163674162813569,0.808832159337122,0.8071133742679613,0.7849179699955542,0.677793863075163,0.6962528765689793,0.78188927066822,0.6882111797320631,0.7932961702345593,0.7932700962504594,0.8203882781847401,0.7565225177887308,0.8145874498734996,0.7982384882666782,0.7719539351698859,0.7473118951277665,0.8078579581124179,0.8209355003033688,0.7963194248224652,0.7382068402978701,0.7820792500949567,0.6156563725943804,0.7745790466876132,0.7197570263533577,0.6971861121449037,0.7469535324262206,0.6952566616585891,0.7897097986437469,0.7848617848706456,0.812465953649689,0.7621502069297653,0.7979267505244627,0.792844459374456,0.7649892402056019,0.782369455293671,0.7189888648748186,0.6628583933987978,0.771661037069001,0.739003246581638,0.7187994736080352,0.5641147238649479,0.49916878534656833,0.7479274973957063,0.6723751678683796,0.7503522585068374,0.7551765135846714,0.6932258430343343,0.7627580464474103,0.7208713148520242,0.6438522389236663,0.7068964620536886,0.8299716127763015,0.776038667230534,0.8117081666433112,0.7255159449329001,0.6593837811412627,0.7250181704029399,0.7185124202226312,0.7799008955223584,0.7255815765300407,0.7965022223230261,0.7600986401805911,0.7991109739815723,0.7712942699367228,0.8130762855503537,0.76205587361177,0.7840326583453794,0.7000713863203109,0.7827262841477461,0.7447167294085707,0.7737886239339059,0.7901818553380593,0.7710928430375112,0.7531172520792888,0.7450263298303084,0.7971539651000747,0.7699002317662468,0.7711260905124678,0.8070283583822702,0.7322617174518258,0.8131341682505345,0.7415631240348227
8,0.62009933491536,0.7562566724693828,0.5893872874611471,0.6397705909226045,0.655309998874825,0.6164748509424546,0.6392048406573224,0.5920830494681286,1.0,0.68319207597304,0.7816293074243943,0.7259942915842196,0.57408001464071,0.6095807911898016,0.7120743890844439,0.6376085792241508,0.6743083215839324,0.6121109741314641,0.5950139126845195,0.6310883313526456,0.6149762987577579,0.6500165769986185,0.6992005653037565,0.6906455243438916,0.6470608740488466,0.6555229741870018,0.5808034533136054,0.6074866093733082,0.5306600968391934,0.5830002659365053,0.6383646533705134,0.5877593214330974,0.6252010919232905,0.7023674472793217,0.6021454989237917,0.6314333369328948,0.5963644583116582,0.605212774427129,0.5962083218889717,0.6472392406353245,0.4982069828539954,0.7642632413395353,0.5748805457761619,0.6300872378490208,0.6580336163275824,0.6491746643699117,0.646864891235905,0.6951120212579983,0.6260158869417963,0.661991188026844,0.7025903443087492,0.3657951026995586,0.6205485060401396,0.6338488651418025,0.5573614744514199,0.7438254117890187,0.718370312294316,0.6001260166732846,0.7100336577691988,0.6431935362526272,0.5915462954199615,0.5753121874968075,0.6098115668754757,0.7320360805355816,0.6464286550851627,0.6505060027035915,0.601867922577214,0.6210592678369689,0.5357149268815387,0.6921396154093722,0.5846240770168619,0.6726251298376895,0.6372236716156514,0.6922775762340196,0.7162277288813903,0.6477331499756785,0.6595378245195587,0.7681922270758003,0.6130381892640787,0.6906960981921886,0.6842479733605485,0.6091226616336515,0.672712414792859,0.7066928708715201,0.6358815226728368,0.707429870547222,0.5823966596087015,0.5704321456819786,0.6528127292689144,0.7581268117092506,0.6604574620723899,0.5967946629532345,0.6197623796520028,0.6483519853757873,0.6290909838692583,0.5925164897100562,0.7025815378790166,0.583566019409352,0.6996556072099208,0.6629330120283506,0.6566668232953249,0.5907513639463272,0.6550956327343493,0.7265284100124713,0.6217524602823014,0.5944561342021909,0.6418861416730931,0.7495640493502032,0.6356868569578915,0.6594251804556549,0.608608551697446,0.7580748121577316
9,0.6979733609986848,0.74601923737259,0.6775127002404342,0.7296516259277446,0.706565313995381,0.6719283952312497,0.7139712415055492,0.6438152661535582,0.68319207597304,1.0,0.76806744631297,0.7371320407310549,0.6873269173899208,0.7167917984682036,0.7473203127546844,0.7041393968613723,0.7345177370211747,0.6517182498752538,0.6847690014550699,0.7113940338741818,0.6980224497572978,0.753573960730049,0.738929790167473,0.7340296425347161,0.6945170173876485,0.7042489721184162,0.6808275602894901,0.6805081300840271,0.5639071917562521,0.698538555869696,0.6741087366456402,0.6690671636274235,0.716392842277388,0.7480380911677064,0.6515640953335357,0.6813117155174438,0.6706940552834496,0.6964721452884349,0.6878249873657132,0.7230570390461326,0.6016673881718123,0.7674779225194934,0.6684389362135111,0.7008704696928233,0.7631391984087698,0.7121516757345594,0.7170626832357009,0.713145612666421,0.7083592651331581,0.7372518247678967,0.7616025430019517,0.5704918866579154,0.7111647403333651,0.7005204631821583,0.6808021854425439,0.7577529841647531,0.7468118545360184,0.6969446015818923,0.7260440884334735,0.7247793822522058,0.6769700873882831,0.6853263579861928,0.6925346882130139,0.7316067681589117,0.7513222764432183,0.7220188010848417,0.7043722885778336,0.7302437409131751,0.6866020395221996,0.7654675153458022,0.6457279003437296,0.6610181626331728,0.7078092172188292,0.7074088502730103,0.7451595365100677,0.7177871852696243,0.7004885204706656,0.7744102468342828,0.6689323448271224,0.7138350996647969,0.6994352144254596,0.6860584505620128,0.715538614313576,0.7480079461222545,0.7356039829195921,0.7702335396505895,0.6735832754649068,0.6836202676201308,0.7371362986388665,0.7255682736943786,0.7442562918675333,0.6394139518661338,0.7108821544455153,0.6981105352713088,0.7006151387211079,0.6999768039328368,0.7309466015678354,0.6050517590675306,0.7367977123146987,0.7311037570523838,0.7026078048971027,0.6851823963218854,0.7041437687894923,0.7447514627883091,0.7206240957288669,0.7207558372894713,0.7717749357786806,0.7662157143606791,0.7290135530921402,0.7518141098909146,0.7027227790647221,0.751145737802805
10,0.7903291502335914,0.8599407525205999,0.7893770784149166,0.7316926073128249,0.7732727388951284,0.7527939479881515,0.7283463637358365,0.7602378453559845,0.7816293074243943,0.76806744631297,1.0,0.8691329946660112,0.7814133451651549,0.7990465679940563,0.8775311984098708,0.8022301355312652,0.8358126566686486,0.7115006014689442,0.7618745762254001,0.8007689035397725,0.8028293903166438,0.7898615126727278,0.8631060493268576,0.85973729625296,0.7721707559701217,0.8243706106722437,0.7857167919208007,0.7663479365750587,0.6461780741223743,0.7808879460777686,0.7444646795684243,0.7770218282263074,0.7996082951023248,0.8442470618400837,0.733516762546139,0.7372686377424587,0.7800078379558791,0.7264571699310345,0.798012292041393,0.8065606875881315,0.746094670355543,0.8942106058441829,0.7647994727100966,0.8032354496382045,0.8114656555555401,0.7565075623299528,0.8107634036330665,0.8305321793468365,0.8064817163107003,0.780671557411091,0.8557276553274478,0.5788772835196156,0.7734588352017697,0.7720224018995394,0.7055748022665731,0.896557237775895,0.7853582771827349,0.7811651152380928,0.8245035959122456,0.8320893660316547,0.7710428865907734,0.7704757850162816,0.7910919169439821,0.8338786322182481,0.7968755788825733,0.7952260260259004,0.7181279187284215,0.7649445908270605,0.7253924989326945,0.799821803901667,0.622658489071308,0.6220113683512623,0.7846541503335013,0.7562147544433605,0.8110208360582523,0.7836243787359429,0.7467024567331915,0.8899387451302613,0.7332562533364423,0.7636116150440038,0.7767709507435888,0.7871564371274874,0.7916537110464241,0.8732550524102625,0.7807062007103007,0.7788472552324719,0.7465378326191192,0.7544504833651484,0.8169613424074218,0.8069633058169958,0.8212100246935876,0.7545360516664731,0.8074440563010431,0.8095274824853849,0.8053484068081811,0.7723240237117024,0.8126483328326677,0.761161636975784,0.8557024196558044,0.7983562153046085,0.8112416472438346,0.7558417852673307,0.8021052573620178,0.8178699651368385,0.7622207213161959,0.805219278171061,0.8195270233441295,0.8441548663237285,0.8533125863038814,0.7982066396705718,0.815083773225447,0.8708068142978509
11,0.7741402583968584,0.8405500218091837,0.7825950385922091,0.7137156608161498,0.7700596640667058,0.7470386533084611,0.7134061301275346,0.7362379819161696,0.7259942915842196,0.7371320407310549,0.8691329946660112,1.0,0.7812689678176994,0.797003892038211,0.8554945218801967,0.7893833027682531,0.8153230141654857,0.689158399355173,0.7657762608740835,0.7979510585445191,0.7819382876918562,0.7792691140554492,0.8408129509916464,0.8415047625486126,0.7621508112082951,0.7920310141458106,0.7683608218576706,0.7549564191082949,0.6425169400029408,0.7764832027599292,0.735116528208197,0.775123571879433,0.7982547941435018,0.8223866606826846,0.7257213342996429,0.7191245961747684,0.7655084914727286,0.7303156653380708,0.7838234499871813,0.7945639696513679,0.7469169008571505,0.8429688672831316,0.7617533484978245,0.7879919525339216,0.8051422302014763,0.7347732222118767,0.8021292652596547,0.8126315897599947,0.7836408889072289,0.7709979692996939,0.818867265955192,0.5851448888701793,0.7640419738486164,0.7729982181501932,0.685690399772142,0.8441388804933767,0.74664328904646,0.7590645650233894,0.8081485205201376,0.8213017084249639,0.7627014667512206,0.7522478721273912,0.7906481947718398,0.8151723613072348,0.7832390176671757,0.7765536471315418,0.7060471336212522,0.7506508487683815,0.7231183041799968,0.7794534620925889,0.6279080785624305,0.6004643697746125,0.774864156749064,0.7376170645515844,0.7867340888152362,0.7811701002289045,0.7316352012487747,0.8551078393432245,0.7272801369568709,0.7500338821056685,0.746140254394255,0.7917443193705973,0.7830227806446264,0.854217679516917,0.7585822707458415,0.749750682908952,0.7366622853494251,0.7520387801703023,0.8121491011151332,0.7783138854786494,0.8070909259311227,0.7463961344981733,0.8082593398146554,0.8000152478753244,0.8012771605761231,0.7734678580951105,0.8078564833773458,0.7339503167552736,0.8348108521104513,0.7767351749635182,0.7809862933190345,0.7598589562761101,0.7868483525312526,0.7890176787363194,0.763150453242721,0.7966857483968671,0.801779143980901,0.8097895775666402,0.844573603699737,0.7827655353761187,0.804757031743501,0.828554540933208
13,0.7922131855536978,0.7641414673832747,0.8529856673528834,0.7074451581608047,0.7673860478939493,0.7788244253764647,0.6865674176696072,0.7972253006194124,0.57408001464071,0.6873269173899208,0.7814133451651549,0.7812689678176994,1.0,0.8834746125579831,0.8156344139107401,0.8022122489958072,0.839356446285616,0.6352446360942565,0.8307213557009483,0.8459894964738854,0.8052016808780411,0.8026172012463642,0.8012209063126249,0.797281369038813,0.7439081058480103,0.8053004845407232,0.797967635215495,0.8058857009126769,0.6423857311384273,0.8624471763683618,0.7302489858967188,0.8348785329778823,0.8780950826294234,0.8024194898175194,0.73156469090906,0.7353780718419155,0.8381892989678714,0.7485620848969261,0.8313345735394514,0.8348212992280318,0.8127118653423748,0.7849975501242611,0.87150980407074,0.8445078391248543,0.8266228768126933,0.7730486048469847,0.9017413340710003,0.8262883028168645,0.819686474511865,0.7701350673339891,0.7839982844399183,0.6840286599566705,0.8159998174529848,0.7758925736161786,0.7087789374241047,0.7671614919161106,0.7459890576608447,0.8231456251174273,0.7900326905379776,0.8611897914710638,0.8349587044506043,0.8036046304218013,0.8546944463195033,0.789031311779604,0.7946072693209923,0.8106195470546131,0.7046722146560602,0.7976400603298439,0.8271594233551747,0.7464272144297089,0.6087337299547918,0.5283738486287308,0.8153959493643733,0.7397027200174549,0.764130174124611,0.8317149825509148,0.7216435481464799,0.7672358936689961,0.7361369844128267,0.6916023357706619,0.7292020406957459,0.8730087916915826,0.8217645355720381,0.8187784484236514,0.7613339787085582,0.7131573743377299,0.7981012058828031,0.7999167093512147,0.8527195706000059,0.7156438100044623,0.8220217067820085,0.7757502546719192,0.8544716677593355,0.8079221091142463,0.8500060277280749,0.8500367309719196,0.8317986229163032,0.6767026496849439,0.8193292621311996,0.7665421887896655,0.7779135918545698,0.8340604049875777,0.8162847644870513,0.7625106363750813,0.8060514628384302,0.8838410038950575,0.8311808143436442,0.7681034971652428,0.8680960494121521,0.77518182655471,0.872519119909984,0.7525808065590756
14,0.8145942812594795,0.7835877214818266,0.8661462334717835,0.7322060978759585,0.7932061951031626,0.788429836449244,0.7148889496284093,0.8171131856599426,0.6095807911898016,0.7167917984682036,0.7990465679940563,0.797003892038211,0.8834746125579831,1.0,0.8465530924160427,0.8219321877828014,0.8621784414521079,0.6484907651782154,0.8386216240998852,0.874145586551502,0.809476396855061,0.8325928885367359,0.8270558635418352,0.829839162272654,0.7590916377034401,0.817735125708952,0.8314363000193588,0.8231827244463592,0.6941213407405735,0.9368228040545434,0.7382036647194522,0.8717236695720073,0.901655263398409,0.8258619552867876,0.745081978322126,0.7515199704227273,0.8480518121245985,0.7700386901005718,0.858375364720723,0.8507853967818318,0.841978713180283,0.824708601217575,0.8886731728823125,0.8565061324249202,0.8460812630689839,0.8001860297764339,0.8802891146551776,0.8596514591594928,0.8402675275170907,0.7960939783766399,0.8101029795826966,0.7148795590409419,0.8318226348797486,0.7779092277834462,0.7273858856344085,0.7846413075626217,0.7720658081522859,0.8428787429014674,0.814485738312997,0.8857700217555179,0.8482893265400713,0.8276249315823704,0.8690160199891265,0.8044761406032498,0.8298597244404056,0.8193434175493893,0.7211417343998322,0.817865956272562,0.8409343915394852,0.7831195651485507,0.6422103880763184,0.5629381338179815,0.8336571657771868,0.7528883963344004,0.7901121017909286,0.8560078728740672,0.7440542734338615,0.7895834007452659,0.7757082244847527,0.7252735302447235,0.7343987303180077,0.8808888600372269,0.8498931916875094,0.8524710780383322,0.7914925351226487,0.7400291122358458,0.7935170722836434,0.8163508959827656,0.8818931656699835,0.7433965511578168,0.8388350137865279,0.8054795008382931,0.8739595657133807,0.8288765294957272,0.8679351990364196,0.9151552419333893,0.8880309108110224,0.6978838766891313,0.8459877913421183,0.779112097200041,0.7983351722286505,0.8497268193348069,0.8237679614784765,0.7882937865685289,0.8257364887845212,0.9468810033893115,0.8538786353982499,0.798318939375488,0.8816735996581078,0.8022409889137612,0.883690648701107,0.7745941893128638
15,0.8193227555664117,0.8606835212955927,0.8478170279470569,0.7124328000264548,0.8127308242266245,0.7877800442999874,0.7173784619404582,0.7862162095639845,0.7120743890844439,0.7473203127546844,0.8775311984098708,0.8554945218801967,0.8156344139107401,0.8465530924160427,1.0,0.8300203378004521,0.8530499576584144,0.7034761817749933,0.8156235430371247,0.8542413855105544,0.8071848289531617,0.8224345881285637,0.8730614587317262,0.9070185982088692,0.7932336921401392,0.8416441518954878,0.8015774543370053,0.8204176957927781,0.6591592842471757,0.8117958214201618,0.7683422317689882,0.8288602343764914,0.834436590902891,0.8491888827476111,0.7538445910836175,0.7692906981477667,0.8352814273430423,0.7685848515595921,0.8362893988540936,0.8391223369883835,0.8020151460543515,0.8704961489589079,0.8118814379000523,0.8362607459478768,0.832586641597034,0.7492919854418992,0.8409911401883814,0.8577790977175404,0.8343967785935321,0.7805364889460761,0.8297401918056173,0.6727608617937706,0.8160371113115533,0.7911231675524201,0.6963916664332639,0.848658437474429,0.7579928154231022,0.8038181687548999,0.8495485918417545,0.8672762703138971,0.8435412584745191,0.7845252585110915,0.8439232632988194,0.8343312503457736,0.8116025684368978,0.7963283256697512,0.7306325793912796,0.7904064765204277,0.7615078217202034,0.8027522348511805,0.6291949592004064,0.567818669356791,0.8264922596792398,0.7597273895693528,0.7744560981101581,0.7987317346197619,0.7285689553584862,0.8661606761603668,0.7757262593713872,0.7599630045569211,0.763331475365289,0.8381351328385986,0.8279907767534561,0.8880345432696891,0.7812452718326962,0.7610102448258613,0.7953684360863468,0.7918357869784376,0.8465837066911664,0.794430736425013,0.846804752802545,0.808015008967905,0.8530549508029049,0.8407239457246698,0.8508340088730854,0.7909313900087922,0.8313346109956944,0.7535472522068682,0.859345500799221,0.8158314744762015,0.7948104750956939,0.8107130526033576,0.8118208280877807,0.8093596429228576,0.8054102243235667,0.8480225518247272,0.8326076777529541,0.8279945779416493,0.8751922428307438,0.7933885196573863,0.8499881568661781,0.8394651637806142
16,0.7905905469469481,0.7971081786636124,0.8053151092196192,0.7088546528478905,0.7818961232706951,0.7687594616186954,0.6995330133663468,0.7659630456361977,0.6376085792241508,0.7041393968613723,0.8022301355312652,0.7893833027682531,0.8022122489958072,0.8219321877828014,0.8300203378004521,1.0,0.8320176826034726,0.6575711099545763,0.8060413773594375,0.8286407686854337,0.7830395807650801,0.8041992931550844,0.8239978188781294,0.8157126636420206,0.7541911513150786,0.8126290164845653,0.7877107361828866,0.8056988723660191,0.6296753655294146,0.7922473722225761,0.7470674539435711,0.8038058610135249,0.8131653063601116,0.805363143062738,0.7206064701285418,0.7377151240078066,0.8001463223907875,0.7382530950645115,0.8050551065638023,0.8194359552652732,0.7899861206006797,0.7968310128753519,0.7982171795563915,0.8082698864066075,0.8090248655416146,0.739350927574024,0.8215845891878574,0.823496587720174,0.8149183162084642,0.7692468766073369,0.7919758331645338,0.6614258969256055,0.7823602144783139,0.7598765299956238,0.6867429596048158,0.7913594938517848,0.7272993336644352,0.7932293336622388,0.8133681431247558,0.8466675209080726,0.8019945218405129,0.7813041465362537,0.825432993921876,0.8123083277399344,0.803619024102876,0.7663328771351718,0.7061745652504863,0.7845569031806865,0.743485026414942,0.7587265893500598,0.5992085975571955,0.5478370942365954,0.7907650274565287,0.7375383735090041,0.7686431778141936,0.7758539300331578,0.7231861863867733,0.8052226855849188,0.7578402809602159,0.7120225004296714,0.7372040015402574,0.8297099609348005,0.8038088749382185,0.8318440439976612,0.7534512245843277,0.7275709605472472,0.7709943291048873,0.7572462203793983,0.8187311622188035,0.7451213811457293,0.8172483370433897,0.7790975501302309,0.8293722976918454,0.8062915268039748,0.8366267402647142,0.772268866128564,0.8124211765251764,0.6894833000760532,0.8005995069496266,0.7828332104982639,0.7753163599693134,0.7999220043303513,0.804741820912204,0.7795651778202297,0.7863674992335349,0.8153140694340143,0.8106730371026231,0.7975152357348879,0.8359793623750031,0.7549024345652758,0.8196400957550893,0.7888570815741016
17,0.8233985218889146,0.8252594115021155,0.8511214501484838,0.7530124339079297,0.8183264982592525,0.8115741226486887,0.7473237747463285,0.8276712320309209,0.6743083215839324,0.7345177370211747,0.8358126566686486,0.8153230141654857,0.839356446285616,0.8621784414521079,0.8530499576584144,0.8320176826034726,1.0,0.7057093032256572,0.8329921400404194,0.8647260567991243,0.8081526808439795,0.8356211503392719,0.8592228411146888,0.8461360694375686,0.7822064136609539,0.8406662788527591,0.8542088092575599,0.8316655328456787,0.6460849213097476,0.8320957657036159,0.7748596880379353,0.8562899265500834,0.8499058422131288,0.8566321093824015,0.7507542277138818,0.7746936599652552,0.8365918063056722,0.75907328974556,0.8416830053317572,0.8617616884744705,0.8348904887774845,0.8299150269082444,0.8436866048017823,0.8481785762235444,0.8428819737668526,0.8145685640895665,0.8512110333179219,0.8775334909319373,0.8564628506339671,0.8159952726808175,0.8517598405701147,0.6576759779543123,0.8321250028413885,0.7872148040536457,0.7645640805541363,0.8249967637531831,0.7722364577713197,0.8373409627602788,0.8374247957094134,0.8666877228409624,0.8187469265228378,0.8552995903028328,0.8441043814580006,0.8371832537227578,0.8553886237284808,0.7827930792923748,0.741346911937018,0.8422386742816842,0.7884320010305451,0.8050368526818192,0.6246072361383227,0.5730310007966268,0.8206250107240401,0.759155001383053,0.8323341878876963,0.8119638210726652,0.7757532082937947,0.8416488024764718,0.7801947599408021,0.7194988137077568,0.7728253739478017,0.8792486182384767,0.8357816497705898,0.8754764509462823,0.8093026261284367,0.7499809910536143,0.7865963055858456,0.7781788646234207,0.8509047980187682,0.7937662914054828,0.8670580303857508,0.8031087123643686,0.8662346875773567,0.8307596862685962,0.8726014012592173,0.8026476995878254,0.8416838845725934,0.73208810920465,0.8530319068731816,0.8201217903695048,0.8429035139854448,0.8567624111965655,0.8389687055798088,0.8302575611970241,0.8122542273424326,0.8438375618518222,0.8469101766045993,0.845916330233728,0.8744424899047903,0.8180765781179773,0.8630623307030214,0.8183278843058409
18,0.6720383547279466,0.691205248940246,0.6538493011727585,0.6388838510001932,0.6688240903291067,0.6670190557132823,0.6575608840893908,0.630660161251957,0.6121109741314641,0.6517182498752538,0.7115006014689442,0.689158399355173,0.6352446360942565,0.6484907651782154,0.7034761817749933,0.6575711099545763,0.7057093032256572,1.0,0.6551291450308029,0.6891796398073,0.6596711760989925,0.6913557567332143,0.7248754886387624,0.7119780605009539,0.6564613423603711,0.6743266257912238,0.6998282484342565,0.6495123358363122,0.4981831226611663,0.6252564565835356,0.633263368546413,0.6822877233564326,0.6451448197585646,0.7242121149890145,0.6232100449596218,0.6318767087451941,0.6525172961925022,0.6316161818441118,0.6675487989980894,0.6821414566335717,0.6384634161462097,0.6949819777052852,0.6228769596174729,0.668630364942851,0.6904720502646647,0.663624052172691,0.6448923983118786,0.6792015045374571,0.6943431537457776,0.6814913640026595,0.727365058132671,0.5314486409473217,0.6582598364808134,0.6570755340486528,0.6684175828831008,0.7131375691753692,0.6585118404610933,0.6538164621184422,0.6768203549067308,0.663235894519934,0.6480795094937295,0.6897635203544403,0.6526417809535052,0.6798486462833142,0.7014407911433542,0.6288906114923419,0.6436897476798356,0.6963987032534539,0.6226655738304784,0.6924253668429615,0.5171388175601441,0.5060505284592498,0.6415602755762814,0.6279408802801172,0.6785385702486681,0.6243549109907183,0.6310890677353016,0.7154524745781567,0.6319622788406073,0.6074199425024687,0.6512332058220928,0.6680410578525504,0.6466063751284882,0.7095134231082383,0.7083193578139709,0.6631057407554802,0.6338156857181709,0.6394339531615072,0.6645002152358619,0.6459389127992009,0.7119991383388817,0.6409255834602167,0.6800287816744192,0.6774953262100566,0.676769207332664,0.6060920049250061,0.6575476808413486,0.631831801112193,0.683758429150668,0.6983611487511993,0.691782205920066,0.6605799351103149,0.6665583203402711,0.6964139945334802,0.6506263914309828,0.6439330681390614,0.695722915648229,0.7109000287572739,0.6957637269878783,0.6915030303487248,0.6589880848425269,0.6988318154638238
